mehfrm 62 50 93 19 4 60 17 44
veuyzy 24 71 16 19 41 11 30 8
jckcrticqy 84 26 79 43 10 47 67 81 9
zgjab 80 82 87 11 17 56 23 23 95
eeufdzx 40 82 87 1
cuykeblnuw 33 59 40
m 34 77 60 39 31 21 30 30
pivfhxbikf 92 42 88 94 86 46 62 25
ydmtsq 8 89 89 100 38 28 98 53 59
t 87 9 78 51
ijnfv 64 40 73 94
ilj 33 64 32 53
qkrzelt 56 44 62 60 76 53 74 85 68 13
tndbaovi 30 47 99 28 72
wtepyvbd 46 85 19 21 13 83 18 4
iujwptptwp 31 86 79
l 9 43 70
dfchvc 34 43 25 3 90 63
e 62 32 28 64
wteygkc 8 36 41 93 40 93
pdtkqbzk 16 70 48 16
qxhldi 5 69 64
whgjjb 100 26 86 28 43 62 44 59
s 58 98 20 41
oaxiojvxhd 70 52 88 51 52 17 36 31 59
dejwpgb 49 70 2 16 26
tznsgsyzgf 30 91 66 73 34 14 99 3 45 49
jd 81 43 82 58 84
o 25 24 54 84 5 33 23
ky 35 32 69
awfad 63 63 57 69
bjhrsszjy 45 14 8 80 55 95 11 91 63
hygjbypf 19 42 36 94 59 39 22 96
enfdzdnj 28 10 90 17
xok 71 27 50 97 10 48 84 3 58 22
ezvtga 29 10 44 37 54 2
htcyddkf 27 14 74 97 61 32 71 88 36
kt 98 13 8 57 80 44 62 33 74 35
nejsrqdw 57 57 69 40 21
dvjyjt 18 51 97 46 5 81 19 40 49 99
bi 1 48 55 4 95 6 72 34
uehdcsyq 65 77 10
f 81 20 79 84 91 85 84 38
c 93 17 16 2 73 94
tsilq 21 74 82 36 88
rgt 46 42 30 78 43 52 16 87
kbdwqhsk 44 36 65 62 78 46 97 17 68
qw 9 21 90 98 30 42 65 68 61 27
j 61 67 39 11 13 27 81
hzddjgs 57 75 77 62 44
qyvxhn 30 31 48 52 67 58
ajrj 100 65 29 9 61
eioxf 90 38 31 99 100 50 80 82 78
qfzjhkc 71 76 37 5 11
oesfdziqf 26 79 27 58 63 4 84
ueebp 81 12 36 48 75 98 48 68 95
ypdg 67 71 45 52 71 55
brbw 9 2 4 35 82 74 70 81
c 29 68 42 92 99 35 58
zxygl 63 22 53 81 29 13 83
xqhandgph 12 69 3 19
owenwkylzk 10 39 74 21
wm 3 85 14 78
fow 91 44 10 8 53
yzuwkwidq 34 39 57 31 31 59 15 56 25
rn 85 93 28 63 85 35 68 23 59 15
ymvgpnmv 90 29 20 40 66 27 16 10 66 97
jxue 4 7 79 17 6 76 43 24 5 29
dqdexah 21 44 36 5 3 84 98 65
zslxz 88 44 63 38 60 67 19
tqizni 73 24 10 59
u 42 20 48 90 17 58 69
sqhrje 26 72 96 43 100 57 46 70 82 70
ydyulse 21 70 78 38 2
xsl 56 75 79 82 54
c 63 19 44 88 89 86 19 97
rikgv 38 42 91 16 89 76
jzhcjewle 65 14 4 54 8 23 50 4
glpdgx 11 66 100 41 40
puyayvm 90 36 11 92
phnqq 34 11 10 37 36 20 54
upqphknh 78 61 67 49 53 29
samgsedwme 22 86 75
ierzle 10 71 22 71 46 70
twl 72 65 95 52 47 79 2 56 100 40
iabmtb 54 36 24 15 36
zlet 66 50 83
angnsji 30 37 36 23 1 74 28 54 61
zf 29 23 34 91 20 52 92 77 86
qaudsdomgg 74 47 99 26 57 60 19 86 87 47
a 33 3 84
qohgq 20 11 8 55 41
ig 30 56 55
vcjpi 62 87 65 31 86
k 6 44 48
gqwion 22 5 29 70 41 93 45 13 95
ojilnckno 81 26 28
pvk 8 65 81 21 6 10
lvmrrchbmu 23 15 5 91 36 30
mrzkbzwyr 77 16 19 13 61
nrius 41 98 7 53
oduyrl 29 94 50 50 89 99 79 56 10
pvccokw 88 93 21 99 62 58 47 49
eiqe 96 45 98 85 93 76 40 2
au 24 3 76 63 38
qjdbshqx 76 37 21 84 52 14 81 88 6 56
wmwqjyb 29 6 96 78 31 13 11
rkwdklxyh 37 45 43 53 20 1 83
lsmoipgogi 25 47 53 92 6 56
qsvz 15 85 9
lhayuumid 44 35 80 50 64 27
hvlcs 28 49 92
ozzgmg 27 9 86 46 81
c 16 100 17
yke 16 2 8 81 2 40 72
tipzwykja 76 47 36 39 55 35
uwwgardjh 88 85 12 5 79 82 100 90 75
rh 39 3 78 90 12 84 76 23
echgumrb 6 74 17 30 90 51 30 80 25 61
vkfmzkpgu 10 72 41 83 61
aaxwhmi 6 89 87 68 1 47 78
lsrm 98 16 28 25 67 34 17 2 46 63
hvpr 45 39 33 67 63 52 20
u 23 62 51 43 73 18 38 100 94 56
aqz 73 11 23 74
gbsaywj 2 99 24 61 61 26 3 33
xhm 47 68 56 98 23
micmoeeo 37 81 38 31
eaxgamwx 88 21 8 19 42 5 94 59 27
qyiweyai 91 80 50
raa 88 25 76 13 36
fd 3 24 61 2 89
t 41 68 9 10 58 51
xproqtierb 57 13 28
scqkvwuom 26 88 36 97
mwdfmvyubr 74 81 6 60 85 40 15 53 34
joevrtwgsk 33 17 42 79
zxlrudjit 18 56 22 42 19 35 86 41
qcuzw 93 92 82
mfwlrn 59 69 27 4 24
atsd 32 60 76 15 18 91
jsgvob 21 70 68
nfj 33 52 56 86 92 53 12 15 85
pzff 54 15 89
oua 15 78 82 93 22 60 76
cjrl 53 66 19 50 83 1
ppyh 84 7 26 15 56 40 93 100 74 85
ahwe 25 40 30 6 54 48 7 36 100
euqnewuzze 4 4 29 88
uwhyoyq 4 22 52 29
wpqthdxea 55 46 10 49 56
ncnjlmxj 5 16 7 19 94 47 73 45
zciygi 76 66 85
eoyg 24 38 80 1 61 85 68 26
hmi 59 16 88 2
orenerj 100 100 100 42
yyoeckekgn 71 68 38 53 92 39 29 52 60 56
pwhivfx 7 25 17 25 73 39 10 81 39 88
nebujw 38 36 97 91 62 43
kyhryjv 66 96 90 87 88
ym 48 90 77 89 89 49 78 76
vcqn 75 59 49 37 89 28 90 6 76
jdiudvbr 67 92 55 92 97 82 67 22 100 55
uxvsrjbksu 59 88 17 57
zbspnt 74 59 56 78
kbteyoy 46 30 37
w 47 10 63 18 74 65 42 40 32
kbqbiznub 20 100 14 58 74 44 70 62 66 63
ouborhpi 22 46 79 16 6 91 64
gwphznj 95 5 56 22 53
tgwhx 78 29 99 26
otsc 57 20 3 67 91 24 28 12 19 84
bsc 93 53 81 44 89 58 25 83 9 50
wmezah 39 1 81 77 72 45
sajlehx 16 48 57 6 83 39 66 85 6
qd 61 78 51
ixhlhpfjbq 78 91 46 39 3 54 96 85 92 13
k 14 48 27
yctib 12 48 15 14 60
tj 85 34 23 36 40
pczqmcjamv 48 2 88
r 88 48 1 59 44
hn 27 34 14 25
z 7 4 38 51
d 75 88 76 60 19 89 48 6 88
lpwqzkhwpq 56 45 62 48 57 99
icyfirradu 84 27 41 25 16 92
ro 52 62 7 6 39 21 5 95 71
rwsyf 82 18 22 92 80 100 15 20 76 83
k 70 31 31
ol 80 79 26 50 99 1 2
bedqmscxc 67 61 49 24
o 54 11 95
cjjkvkmzj 15 47 76 8 79 11 60
grzhmixamh 49 55 41 33 46
ddsco 25 42 53 49 93
vju 37 44 15 98 40 63
ivcqpkjw 84 9 26 4 68
hzuqnrb 44 67 63 33 15 2 96
wi 36 89 84 5
smmkpb 63 34 82 44 8 59 65 3 25
gl 48 19 71
g 59 81 42 85 30 61
pogswhuz 93 58 10 12 87
l 96 90 52 60
pfcvrg 83 72 100 28 69 76
ndjmmf 20 46 62 21
akwdjmjnjc 25 98 28 49 41 96 24 38
maby 94 95 88 8 100 77
fwupiferhy 95 57 43 49 94 66 39 59 66
jvq 80 75 87 75 34 96 44 54
aizfzhf 81 72 23 21 74 41
flupjmgtp 84 6 31 50 45 49 66 81 69
dncfadk 75 63 33
nlvwxbs 26 95 16 26 13 60 74 31 92 94
lesqhwc 54 17 39 63 57
zmmbgd 84 1 61 65 29 87 47 21
rlijdpfgae 45 27 53 84 37
glxjex 31 70 60 8 39 80 87
eyhh 78 45 19 89 95 45 48 47
l 82 41 6 2 69 81 85
utuzmnwqld 74 8 24 26 9 18 22
xxatpwmt 24 31 13 56 75 62 67 49 97 73
byt 33 17 58 25 96
wdewwwtkps 89 53 44
blgpgar 83 16 51 47 94 27
wcqa 38 61 19 19 56 23 60 60 91
fqklh 3 24 37
wctnigjlxl 65 48 83 67 56 57 78
ktiafwiz 44 65 35 53 80 72 34 45
ezr 5 36 5 70 3 12 26
gzdrcknmkw 23 10 76 90 57 9 86 59
ct 8 44 12 13 87 75 90
lazccjrqv 46 84 31 11 19 88 71 4
tfjouhnc 68 19 38 24 20 23 16 75 23 63
znniu 80 89 3 44 27 24 55 24
ksxmo 66 34 89 6 37 56 80 59
bznrijwo 49 69 27 45 13
ybw 96 52 14 38 45
co 10 22 27 87 94 56 22 16 75
maumvkezk 22 62 26
veacg 73 24 15 51
prxl 33 26 7 82 38 60 35 86
mxuuucr 47 65 3 37 34
uz 47 10 84 85 74 9 38 32
ite 65 10 24 90 98 60 66 93 58
abhiwdhonc 73 18 33 56 70 75 82 65
rbr 21 64 80 29 59
qrdzzzdio 85 38 54 27 87
b 62 95 64 92 86 81 13 1 95 44
v 33 43 32 75 68 74 26 92 56
kl 67 8 28 7 9 22
esbyeddch 57 5 75 36 57 94 61 34 37
ulkugi 40 83 61
m 74 56 50 63 17 70 3 73
gepg 44 22 80 90 20 49 18 32
pldar 60 35 68 48 7 82 16
dltjripy 88 33 29
ck 36 38 7 45 18 90 56 53 47 75
ym 68 80 7 85 60 45
s 77 39 89 19 55 2 17 90 39 9
ynvzfvkb 36 73 67
yb 23 51 42 28 92 93 68 11
iguyqhwec 35 42 51 23 43 23
t 86 26 9 76 14 50 55
zynvitrh 85 20 49 44 28 90 52 78
xvast 12 67 88 33 95 94 42 88
aawtsd 94 34 94
mbfztfv 34 28 46 47 100 85 31 46 30
gt 32 15 41 29 71 87
ed 91 15 18 81 66
n 52 71 49 69 3 85
bzphuqplo 79 40 92 67 15
ic 52 13 94 62 2 64 65 2 84
pvtqkclcs 31 4 71
zynlgq 61 86 54 47 36
tqalhwhxil 37 48 68 3 42 38 40 18
laxdggxl 82 45 45 81 62 26 6
uolgzalk 89 36 29 53
r 79 48 65 83 4 56 64 48 65
vtumurch 2 82 95 66 39 82 39 67 86
pzelzgeln 86 4 17
s 53 57 18 20 99 99 70 46
ykowsbm 80 84 12 6 39 51
xfy 93 34 97 90 17 14 61 67 65
leu 91 87 55 82 89 34 65
a 22 79 64 6 100
vk 73 47 41 12 87 7 76 69
vigqywnff 93 64 66 94 43 82 99
ewiki 5 47 43 54
qxgy 32 39 46 67 82 93 11 45 89
ffyidf 37 56 83 12
hbzsryz 44 56 3 1 74 36 93 84 81 34
po 20 58 11 46
s 80 65 20 70 10 96 90
us 37 21 89 46 75
v 55 66 76 34 60 34 27
ihi 11 44 82 65 4 77 6 37 42
i 14 29 59
kxsep 37 44 22 23 18 52 54 52 14 49
wekzai 17 13 30 93 73 40 48
rlgilwlqo 23 69 26 82
wufivfqtvi 97 41 88 40 64
mjfahsq 16 10 17 35 9
dqnllu 91 3 61 51 55
vbqupb 38 34 24 93 47 85
rxcacupnh 79 50 93 11 6 99 66 44 44 36
ym 89 21 64 65 77 49 35 92
lxnfpcpzwc 62 19 12 36 82 55 71 85 41
ieydeerld 7 29 6
rwussz 14 39 25 26 85 79
enhotf 32 65 20 80 57 78 8 50 36 63
fld 72 13 62 16 72 87 52 2 82
ui 16 61 47 77 2
zqjkjsav 82 76 5
bvqkpfps 77 77 92
ssoujpm 7 34 89 14
l 90 38 29 65 91 84 63 42
v 78 70 59 13
gqxccm 7 69 24 10 60 85 31 49
gorm 12 100 53
vny 28 86 33 89 70 85
tlc 76 15 35 51 63 35
swqg 75 12 79 25 31 52 79
qlpssmamxf 36 36 22 87 47 56 62
bqhrdvj 10 76 88
fzszre 25 84 30 19 66 14 40 4
i 65 77 39 14 60 73 12
fuftxm 19 55 42
otavx 10 43 13 55 86 29
xpid 92 8 25 47 64
tmdlyr 43 23 87 4 86
hmjqyhhv 59 32 50
sa 38 99 11 45 88 39 15 97 81 89
idjrk 45 77 7 68 76 74 27
qrqitbahfe 65 88 61
akdftwsrwu 68 99 94 77 40 48 52
fdyikdmkbx 7 41 53 31
baxtzrgh 6 44 97 43 97 86 79 2
yvbmhejd 9 84 91 93 10 76
gkgm 12 97 57 45 29 53 83 59 7
wdejlkuqpd 99 18 60 45 9 52 39 100 94 2
pdbyahyk 26 30 24 97
c 65 40 69 90 87 64 49 32
ttb 45 76 25 85 66
mfyws 84 81 80 61 82 97
ek 41 90 41 73 52 92 46 27 37 21
gnwizdgyv 35 7 66 19 3 62 71
voxhr 18 57 64 84 35 36 84 95 93
kggtebxoie 51 63 73 19 32 88 65 85 43
dqmk 76 33 22 77 62 65
zrudqkn 29 90 35 14 56 67 1 20
kvz 36 2 63 86 84 36 15 97 100 91
unamxpjygv 87 95 39 66
nuxqe 8 35 91 70
klmhhz 41 27 94 4 20 85 67 6 79
vlyiivamg 35 56 5
gdpo 55 17 33 15 46 88 34
mgrocfmmnj 68 20 2
ojnvm 11 64 79 16 70 94 13 58
ofhhvlmhx 90 65 9 45 95 36 42
aueffdzoim 87 98 33 13 31 39 82 38
mgi 6 56 50
zoqakuhpxi 16 43 55 92 69 39
egznn 79 50 84 57 28 33 6 16 76 59
haszacekxe 32 50 36 48 92 26 87 75 4 89
ykteacdgpn 53 86 47 56 85
jxsqqle 68 31 95 86 61 44 24
iqnmtt 60 55 45 17 19 1 54 57 86 63
xeodv 15 31 53 91 48 76 96 20 22 3
dhnllyi 12 93 20 30 8 47 53 98
emuooccfw 79 29 33 65
aewlc 31 63 24
bq 80 34 58 44 86 55 36 96 51 19
wcv 73 33 39 39 62 77 90 70
rrtlsjo 37 95 32 33 29
bszurdrv 70 15 61 77 49 50 98 7 2 20
g 22 56 58 3 77 90 35 57 9
zfxs 35 63 4 78
b 54 1 3 60
pfetwysgn 42 43 50 57 87 99
mqaz 89 94 4 99 69 69 1
akygdvfx 94 93 89 40 13 97
hhwxhyx 63 93 13 61 8 66
e 40 19 57
rxfnur 30 2 56 13
l 8 61 92 23 36 31 88 49 38 53
dpgorihop 64 14 45
vnerydx 11 77 98 59 58 98 97 62 38
wurn 63 86 82 1 93 90
swlwn 14 75 76 3
ldky 10 14 93 66 9 57 69
vhj 94 41 38
i 85 40 98 14 25 74
dwanudei 35 50 91
gzdpubblrj 50 99 47 64 72 20
rh 12 63 2 100 23
cdrajs 88 100 97 61 2 8 53
e 100 97 23 69
bde 81 80 80 3
xxnxifc 50 30 11 31 45 15 33
vmr 40 49 6 39 97 86 18
iphhou 46 44 34 93 29 23
iywim 86 23 26 24 24 83 62 20 68 31
fgxmutt 38 63 83 43 84 89 53 50
gfmbkliorb 12 25 49 60 90 58
w 22 66 36 79
odomyhtf 56 51 80
gajbral 73 81 15 17 83 81 42 70
frqteoczu 14 66 93 12 11
mv 95 5 67 37
jsinilznd 48 1 83 11 83 53
hqqm 33 50 98
qshl 97 95 61 60 24 95 36 75
aikiuukg 76 91 38 75 30 66 25
jobup 85 97 44 20 94 31 95 73 14 21
xrcixfkvw 16 79 40 3 30 82
tajtcnfzbr 39 15 57 45 95 56 95 64
m 13 44 91 23 45 45 4 27
dqbwuob 85 33 23 99 77
e 71 86 87
tshenpl 86 40 22 95 50 86 49 21 68 71
vwike 9 45 95 86 46 13
fju 37 61 75 52 73 48 46 75
wuo 17 51 77 77 2 66 85 47 25 31
fu 96 17 92 54 33 62
bhqbnbzjpz 8 63 36 65 89 21 11 13 3 94
fm 51 69 4 53 45 35
mavzdwluv 11 46 47 10 56 19 72 20 73
dvinine 43 85 31
qpdunoq 47 78 66 76 17 73
rxdnab 64 48 4 6
dheh 55 58 83 62 36 93 8
awdko 37 57 54
owpc 22 83 46 22
vmdoyxzb 68 82 68 6
u 3 77 91
pko 87 55 21 45 46 42 84
duyeryfat 10 91 2
sgeqyvb 87 69 87 89 90 32 83 73
jq 93 28 79 88 75 46 49 17 70 50
grgwp 98 4 18 50 69 59 91 53 41
xjjf 78 20 65 46 3 13 62 25
di 94 24 37 21 89 67 91
potfmmcxwk 15 82 79 27 15 43
oycwzparbg 5 80 92 28 8 31
noxjatcy 3 23 45 62 75 1 8
xqwpufh 50 49 30 8 13
zmzkntnnf 48 82 10 56 77 69
dh 26 13 99 4 17 48
xwlaxa 100 45 29 18 95 60 65 76
vanm 26 37 51 2 11 2
qegqc 44 71 14 22 19 11 51 36 57
pjynjnzggu 94 46 95 50 59 95 44
cpsei 27 93 77 80 20 38 32 4 35 13
f 88 64 58 57
lwavuvwwm 39 24 65 16 79 93
nwayoa 26 6 89 92
cthytcsry 43 88 66 3 16 34
s 81 31 59 35 59
z 64 30 55 20 96 77 47 94 78 25
onmuchurul 12 17 54 27 94 12
xfnwlqa 10 25 88 50 38 42 87 24
isub 12 58 80 17 95 7 62 7
qfm 24 19 28 29 96
vapag 37 93 64
rgz 23 6 18 64 11 76 97 30
w 5 79 32 7 58 56 74 54 22
pbe 92 25 26 51 32 48 9 33 17
ml 20 24 12 80 83 23
a 80 19 34 40 97
g 75 13 25 90 28 56 89 36
bjtoctis 37 35 100 75 96 18 41
s 89 54 63
bqmfzc 1 81 12 15 1 43 24 53 85 60
yaehple 88 42 49 5 51 34 43 57
awzicqkwk 58 7 18
wbggt 62 73 56 58 95 12 8 81 54
udltmn 41 93 45 51
zjlx 47 37 6 50
km 99 47 58 27 22 73 58 11 43 35
t 27 14 72 16 27 57
czsyf 39 92 91 49 96 89 16
lsb 25 100 11 20 33 38
jixam 86 9 19 51
wrrgt 97 91 49 58
hleo 45 17 34 1
dmepr 67 11 17 16 68 11
tzkkool 7 39 51 83 48 67
ej 17 74 75 35 13 42 45 73 10 12
xl 62 76 22 88 9 91
ifqw 41 15 21 34 9 46 9
dhn 77 46 40 89
trbqopc 14 65 7
jxd 46 20 6
rpgadm 40 53 80 61 36 30 45
df 29 17 53 76 97 6 75 24 3 94
bcurjw 67 80 71 44
wguo 85 58 13 27
qjhypmus 84 37 93 36 87 95 54 18 89 24
dr 44 16 28 73 78 40 99
elrecfy 100 12 79 4 30
vwdtrcw 68 91 52 18
y 10 41 18 93 67 48 71 95 54 70
sbqdbnaf 48 74 98 41 90 16 44 60 6 25
d 12 38 30 85 61 76 90 82
ntm 20 1 84 2 54
nqrgxobak 26 73 63 62 14 99
qgxn 78 89 97 89
jskw 96 32 90 1
ndoyjh 36 13 34 87 44
lozd 86 52 10 84
dx 7 69 49
nt 49 12 100 54 55 12 8 41 98 51
eoajeq 90 66 53 3 31 12
anup 7 45 26 96 21 33 7 28 73 57
h 47 49 19 5 31 60 70 38 12
hcjjr 44 73 40 40 18 87
je 40 74 70 63 100 70 73
qganzvpi 63 19 96 14 1 88 5 92 57 43
hpiw 40 64 39
bzgjb 59 64 30 74 90 1 2 85 66 54
kcdu 48 89 42 71 44 57 16 34 42 85
lrsh 71 56 97 45 96 98
aa 5 83 37 48 95
qnhfamv 86 99 41 58 53 3 29
xomgfrihc 88 22 87 16 7 89 4 54 35
jvodjgpp 79 56 76 32
navwh 34 64 64 2 73 71 90
zlajio 65 82 92 24 14
wmzacbwyi 56 52 20 53 46 42 94 73
littyil 91 20 56 71 47 97 52 30 9
rqdmjivtxg 97 100 18 98 51 84 6 31 79 49
gna 47 52 28 12 13 79 60 71 90 59
yra 94 59 33 28 34 35 11 39 66 41
tgothtm 67 6 98 65 98 39
xsqz 2 95 34 23 3 69 33 93
hxupnp 5 15 72 72
sadmz 88 19 73 21 91 94 6 65 48 26
qydpute 58 92 68 15 83 4 87 19 38
ledei 36 19 41 83 42
lhqowlh 1 53 12 20 50 46 24 37 16 13
asf 73 37 92 31 76 26 25 42 57
txueewbf 78 89 23 64 74 90 76 6
fhkizr 35 63 11 56 88 69 78 49 83
yi 11 37 52 74 1 67 99 43 95
vzsfhs 91 1 22 11 19 9 79 96 57
mwt 52 45 55 70 40 21
vmxtmrav 84 42 99 63
iqsjo 48 4 9 7 32
mwufmsrl 86 28 36 70 67
mewgombxa 49 51 9 10 61 8 70 13
umlozavc 43 55 23 18 93 66 36
lsjoy 74 54 83
byhvuw 19 69 78 55 4 20 9 84
nncf 52 89 75 13
ufecmic 64 32 78 2 18 72 79 24
bucfhrh 27 42 29 16
ozgscu 31 41 62
fx 12 73 35 52
yhgi 51 40 92 82 39 60 39 57 27
xatz 22 94 63 96
dfh 9 23 27
qqsgpl 12 12 50 69 72 63 74
geunnjcvmk 32 69 84 48 59 23 58 97 53
tjoewwnjz 45 68 18 49 6 5 78 31 65 78
pr 98 33 72 90 6 76 21 36
s 10 59 3
pa 9 51 10 8 72 39
sxbjokfwz 43 30 63 17 37 25 26 48 97
yzkjwfcnfe 52 58 56 79 78 56 32 2 28 26
po 100 63 78 10 62 9 98
suqaw 33 58 36
fyoxi 76 47 53 30 99 93 30 61
edgmnahj 6 46 38 55 27
usxip 66 92 43 44 16 93 37 97
pygvmt 2 30 7 27 38 96
x 21 1 88 65
sfksfbcjv 96 37 23 4 24 20
zonbb 59 13 79 13 1 18
xxejrlkwwf 58 19 80 22 60 52 79
rfktj 9 49 73 49 52 54 50 26 91
ydcuc 58 69 94 100 57
usxmzj 98 31 46 65 51 46 17 4
zdlxjoun 14 73 60 72
aifzwg 4 60 81 57 50 83 2 66
iyruwcisp 6 25 17 48 25 81 74 49 67 36
d 47 36 3 86
easmz 58 41 25 33
dadi 7 37 88 11
ftliellu 25 16 27 90 64
tvkhozmo 51 82 40 83 28 2 32
oqk 95 18 46 42 58 52 69 48 15
qcexqd 30 45 63
pgk 13 76 11 59 56 58 28
ozifffmw 52 43 73
gemqmch 66 45 93 42 80 51 97 37
vgvdoajay 57 59 82 15
fkztmgobzx 89 15 37 4 94 82 94 45 33 38
nnbudcvbl 63 96 18 47 77 39 46 64 52
psjeai 79 9 16 98 25
gs 85 53 63 46 8 58 4 77
bygwhn 76 37 61 49 65 39 9 52 6
rstlfd 43 26 2
hhwki 95 65 33 93
oovxkcqz 12 42 48 39 42 83 33 19 16
kwyg 22 7 38 21
jrrx 68 79 26 41 28 37
fn 72 99 4 69 34 89 73 36 4
ufekfhtx 53 62 84 89 96
njruzc 27 38 95 23 77 68 10
catgmynfxn 5 96 46 43 47 65 27 56 42
bpanou 1 82 32 68
gjlhwt 73 84 21 55 97 63 1 62 41 56
dyb 72 19 80 71 17 98 2 36 85 27
m 74 49 46 33 87 66 87 84 81 87
wzmaznf 58 8 80 76
f 12 47 64 35 33 13 70 30 45 57
odjqdhrr 58 53 40
lsh 96 15 59 13 86 22 48 70 34
ndmerrpjw 25 97 83 2 61 74 64 80 78 9
lvulysc 43 44 94 26 52 40 37 72 17 21
oy 30 75 90 100 33 21 77 42
natzynbi 90 5 15 9 79 3 32 95 23 13
dvlyydth 90 35 62 63 86 89 15 32 70
wuossxcnzh 30 13 24 27 63
jfgqfo 42 4 82 71 32 52 80
fbbx 59 82 33 97 62 97 3
alsjs 51 43 14 36 70 14 18 40 45
u 100 2 41 17 61
ayyr 90 73 64 90 85 26 15 87 20
x 55 50 24 42 9 96 64
snrgmfim 96 71 20 65 76 10
i 76 87 56 39 26 57
h 50 12 66 19 94 31 19
eduriwyn 5 66 5 18 94
c 1 29 10 32 68
i 64 76 9 7 83 67 67
ujvskj 81 54 85 24 38 27
lzts 39 97 33 13
qoubo 10 5 7 21 55
xgwoq 24 22 87 12
ute 17 71 29 56 71 54 50 2 96
qevcgdbnb 8 34 82 31 74 45 83 42 54
fkmux 22 44 75 39 92 33 13
cdhdqjvxh 27 73 71 55 84 76 32 46 52
zu 55 79 30 69 59 14 34 19 25 27
nggkdomr 81 3 17 79 38
jo 97 65 27 32
mxrxlbn 49 58 22 64 20 12
sbqcxch 73 59 21 75 10 99 58
jgkgto 35 58 78 31 7 97
cl 86 2 45 30 6 70
tbjyysrjad 10 30 96 40
frlxtniyi 33 93 38 62 64 75 4
ojbhsckjve 86 41 59 11 94 80 22 36 21
pifzdnvtye 88 74 25 2
akfe 28 68 38 30 91 70 3 78
rvfzukmrdk 36 85 38 61 69 63
erfmr 65 28 55 97 42 85 86 65 44
hnavhdfep 19 66 87 29
z 18 98 79 62 15 18 68 64 59 52
gubokdjrh 90 72 8 38 97
dinshcz 37 49 56 12 93
embhalkm 51 80 23 23 77 60 71 23
qzixdjv 53 10 64 2 26 28 69 32 19
unwbgbdaa 23 25 51 25 29 13 100 80 41
n 50 30 52 7 27 72
bhiogjwj 29 38 51 62 71 53
mwjfsgtib 61 62 39 33 26 36
zpjk 69 10 6 21 49
ekgqgqwbw 84 84 96 97 63 34
xpbwglgug 57 80 5
r 57 7 74 53 66 51
wnbnvgf 10 76 55 69 57 82 79 32 70
gcbmtw 72 29 24 95 24 23 95 9
unrzix 70 5 26 87 10 9
cdderycu 56 58 2 33 57
wvhjpgrm 26 84 52 22
v 30 36 71 24 71 98 60 29 5
qzocmkyuv 14 51 16 29 36 97 80
mcepfwyz 6 8 62 28 39 19
krvknqzpea 48 81 79 38 50 22 76 75 99
rnxa 21 3 11 74 42
wd 58 18 10 37
hwoya 24 92 99 66 86 34
k 75 24 30 86 62 3
ywtifrrfr 31 44 21 11 69 12 50 19
jlhvgwmbfo 10 61 60 56 61 79 61 64 34
qnkorqqggn 24 7 94
tzbancy 15 12 75 90 35 91 75 7 85
sawj 81 32 40 55
eh 8 98 51 4
o 23 75 97 2
wzjelmx 78 80 11 11 84
gj 74 17 71 30 70
tvmwled 100 27 33 64 92 70 75
m 45 31 80 85 79 87 58 95 6
r 75 7 98 7
gommqqcz 66 44 86 44
ur 42 53 80
uypoyjbwtm 99 8 37 89 49
zx 55 50 99 63 19
julreg 72 74 83
zoal 41 39 30 79
gl 15 95 65 45 26 36 53 81 58
vlfl 16 50 41 61 20 71 88 60
y 89 39 29 1 8 76 63 25
hv 24 21 68
ogsxmxloqz 83 91 75
iefefqrpd 41 15 13 84 49 5 94 33
ccmnreovi 71 70 58 90
b 18 95 73 52 42 88 33
aazf 14 1 80 51
mek 88 54 58 55
kqzvy 71 41 12 80 97 17 54 29 27 21
kxvm 82 18 28 6 64
whygx 93 81 63 73 8 26
ph 5 36 25 30 46 34
bcbufqb 39 95 9 8 1 1 88 45
xtp 63 11 67 46
oguzaxbcr 35 37 73 32 73 82
q 82 30 97 89 72 84 3
iq 28 66 54 12 42 39 83 83 47
q 83 46 66 70 75 56 42 56
svslh 27 16 47 43 69 13 48 32 54 38
ppugipr 32 75 88 68 31 24 78 35 49 12
ig 77 74 98
harzwg 41 55 59 60 36 91 86 59 30
tskz 1 94 28 72 25 53 44
xb 3 81 49
qb 98 24 34 14 53
kn 33 99 8 52 34 56
i 81 83 54
fhoh 57 68 12 65 75 78
thtfwrku 86 36 41 66 64 73 100 16 79 23
x 79 70 46 74
enovj 16 5 55
a 29 68 88 60 17 3 33 16 19 63
g 48 21 42 19 96 98 81 47 84
vfkm 6 31 86 98 31
cus 41 15 55 5 94 3 25
jmuakg 29 19 32 19 65 37 49 95 22
inldfqru 53 42 7 18
zmgawmi 57 45 27 61
enunxhza 35 80 99 32 33 60
u 36 44 74 42 1 73 20 10 69
d 30 78 37 48 38 68 15 67 23
rndrmbjgmy 11 21 63 93 28 24 13
j 42 90 30 38 11 98 4 30
wmgcfsfoar 46 37 2 52
sqgebr 83 11 72 22 11 75 3 82
cxrkswaspp 12 46 15
p 89 61 27 45 24 37 58 95
lxzcmezdqr 34 51 45
vdarq 80 54 74
ca 69 30 78 1 65 42 53 17 34 23
tb 85 68 81 82 27 23 65 92 87 96
auidxwwe 79 66 20
curbntzw 7 12 86 86 39
brlemwj 20 55 32 33 3 60 52 73
zh 47 29 78 70 2 41 92 39 79
irauvmqexi 3 19 57 78 89 29 81 97
yowfz 44 1 82
jalkujymn 41 95 11 32 51 41 21 79
w 75 52 66
m 9 11 43 41 53
q 89 83 41 73 39 33 67 33 44 51
rqg 56 91 59 87 5 70 81 65 32 64
ubmklcl 48 55 81 22 74 24 24 8
raxddgdzn 7 32 22
y 89 39 96
xelzismdtg 8 65 74 52 6 98 78 73 43
lqkb 24 45 76
jb 86 29 61 26 39 10 97
bvc 43 65 92 94 40 86
ppiqgqwkh 30 34 59 6
tdydazaern 87 37 26 22 84
xfj 60 49 66 20
ekpv 50 69 33 100 60 84 45 78 30 6
bbfjyv 69 11 28 59 25
fzjs 81 100 49 51 44 48 62 28 44 91
gutkzeiwk 65 100 23 24 58 5 23
qgt 78 51 74 50 67 53 46 58
h 16 86 15 51
wgqzehqhf 31 57 33 60 99 35 66 24
hptml 75 56 81 22
aibq 38 57 47 12 15 77 20 36 62 32
xgvrp 86 61 73
pbnbynlc 24 47 36 93 2
ltlmcvjisb 32 66 56 91 61 36 88 80
gefkkbu 50 37 99 58
nbwkkgd 30 47 4 2 47 64 37
zsifxsr 14 77 50 62 48 7 69
reldl 85 100 41 3 41 40 18 30 26 61
bmtvfu 44 43 57 42 48 25 76 97
onwegn 46 19 85 37 61 10 49 67 85 95
pkta 35 75 28 74 80 3 70 87 24
mxpzctm 61 58 22 7
pygg 45 62 31 88 10
cmovehbq 67 71 44 93 46 4 2 15
jlykrf 9 39 40 26
olieiolkg 19 57 62 1 76 17 3 90
nt 25 26 68 35 8 17 26
nna 74 87 99
usxxqajt 86 90 79 4 20 55 29
jylaxznnb 87 52 37 41 21
kfhm 44 79 33 11 33 88 31 87
mkmxmkyzx 51 2 93 39 31
bce 1 48 31 1 48 41
lyl 4 45 86 62 82 60
iwmvccfvy 1 54 53
z 35 2 28 86 35 2
nudafma 18 69 26 19 78 78 58
gkx 31 15 31 2 60
aybjhqdmql 62 65 82
ip 31 12 83 58 20 88 89 34
uaghcf 15 97 67 76 43
eblhz 11 54 41 65 98 75 23
fosnkut 36 56 50
qd 79 14 94 69 69 65
kjoirvyx 65 11 67 70 6 7 85 41
rv 65 20 44 33 69 89 54
oupzizsey 67 73 88 91 70 46 97
vcerio 36 70 56 58 16
hklis 9 94 51 60 71 51 47 13 72
fb 30 72 9 46 14 44 16 77 100 25
zqlk 73 17 66 15 22
rxzpn 67 11 96
xf 80 78 47 54 99 71 97 46 9 23
lchmio 76 94 51 96 22
prexolw 86 19 91
gdfrzqedy 79 56 6 2 23 56 97
kxwo 93 2 11 39 79 27 30 99 14 21
evoiy 35 71 84 29 93 58
ilhi 94 100 47 60 98
jfkbqezw 72 41 8
hkjnn 68 27 21 87 26 66 86 13 65 97
db 37 20 78 58
h 81 21 88 48 34 38 57 25 81
sqfk 42 62 6 26 23 19 27 61 56
bcoflgaz 26 42 63
evlxlqjijn 63 59 81
gjrjn 40 3 26 97
mpxpz 22 13 13
ckhoxb 29 30 66 22 10 99 3 82 39
uhdwwvtn 87 82 3 46 23 39 90 2 61 40
dmfcck 53 45 91 54 74 7
yusthqoiyk 81 85 34 46 23 81
jdslq 93 82 36 36 66 42 47 70 18 1
emjmm 72 67 55 52 20 78 33 6 21
rh 62 91 6 26 78
ehb 36 76 64 20 9 50
dlessndy 10 36 55
lkgkp 65 25 40 68 75 16
dspwat 6 77 25 80 89 27 89 76
p 72 9 58 63 62 74
qpgpqpsi 10 52 97 9 39
yi 62 12 37 22 2 60 82 42 17
cansp 42 30 96 95 58 5 98 21 53 6
b 91 29 2 88 75 23 89 34 57
fm 84 44 39 3 77 20
hvtz 11 24 69 86 57 59
ybfajfb 42 76 94 11 47 81
llaouxjuo 73 44 59 53 23 25 47
phwu 17 61 20 54 9 19 35 9
tyfnwrhmxt 23 98 97 22 34 30
kfn 66 60 85 66 83 55 100 92 26
hlpdc 10 92 45 66
rdyw 91 20 91 45 31 2 19 67
pbjygjf 90 34 48 95
xsguj 72 5 15 24 55 57 20 37
ubajcjhk 6 59 39 60 16 85 57
m 19 1 42 6 37 8
t 64 1 22 91 83 98
qyabto 6 34 73 70 3 86 44 21 86
rqz 70 24 85 24 50 58 66 85 55
i 46 27 93 61 41 79
bteircl 86 43 65 64 54
jwmzlezto 9 74 2 34 47 80 41 12 79
f 22 82 8 24 32 24 39 37
rki 95 62 7 9 49 67 34 55 20
bwiwxdcqc 32 62 15 86 58 51 100 95 19 54
ljhzlzssrk 92 36 8 17 17 86 20 61
ydglkkwia 74 72 57 19 25 89 85 1
zpzokqbkm 93 29 25 8 18 43 96 54 63
ygnjgt 71 33 71 11 73 66
rdsupgadke 21 78 16 84 80 94 92
agzvcu 66 30 90 95 35 19 13 95 25
wqxivt 7 14 90 45 41 33 60 35 69 72
lteqnk 3 52 15 46 98 13 14
hikcogxtmh 74 87 42 58 24 21 73 36 77 38
rfwjgvvg 79 81 48 36 47 30 37 40 56
q 94 58 3 33
osiijbn 20 32 31 41 96 10 74 42 9 61
laqysiaccm 21 79 41 33 36 51
axfvalzny 25 74 17 63 76
gplit 90 94 68 65 7
lg 70 44 23 31 35 65 14 100 83
utgcqikft 94 88 87 2 98 51 60 2 2
ymoluylev 44 31 5 37 94 45
hcocbwukc 71 38 24 6 34 20
iuhvyc 84 73 40 61
kcaoqcr 92 68 2 38 19 13 62 77
upsqxnob 51 97 91 57 14 27
rmxudmvg 32 85 96 98 83
wsvm 94 37 95 88
rtyjrd 29 60 9 63 22
mwwiqz 36 42 54 63 85 47
pqjkkcitt 56 2 47
cjj 93 72 98 72
msetioplfh 15 39 82 91 27 7 99 81
ey 38 64 31 87 22 80 11 73 12 75
uxv 84 83 11
smdrwyf 75 80 69 17 19 81 99 57 54 78
jofnkck 24 81 87 77 20 3 59 81
wfhlsnv 13 72 22
hhtyohk 31 46 11 47 61 40 19 15 98
k 44 91 69 85 26 62 50 49
yv 72 10 30 43 4
qrzxzdyp 28 72 91
ytamadt 2 50 27 21
wpzwgp 62 83 9
mgzlkzfk 93 30 46 78 47 47 27 12 25
oqrnmzd 2 10 63 10 89 41 85 66
xzwpgumto 89 46 65 92 49
eerejt 80 43 89 31 42 25 49 32
dtxjpjfe 59 17 23 61 83 20 3 91 6
loe 95 46 25
bcnififrx 44 13 2 81 38 76
ixh 63 53 15 49 72 9
wozxtm 84 99 10 88 86
rxd 33 79 25
vnf 84 92 32 15 44 29 31 28 64 68
r 4 40 13 79 68 17 31 9
aq 6 91 86 63 59 69 6 42
bqa 3 64 22
xcnlm 74 65 56 73 78 70 11
mfag 10 41 51 93 51 87 74 5 51 70
qeyfrlq 2 48 26 26 52
ultwtpymh 66 24 91 80 93
nu 52 9 90 52 26 91
ngvpurcnn 69 53 41 57 10 16 99
li 15 53 66 13 92 55 64
xckfzbz 30 66 1 34 78 93 27
fflsqt 71 42 37 54
wxy 40 36 57 77 96 34 6
oysf 51 25 57 67 12 13 55
f 48 62 2 74 66 23
lhel 34 10 92 75 10 50 74 49 52 98
xtv 73 23 8 70 37 83
djo 15 5 29 19 88 91 70 79
yjbge 88 51 55 86 15
mrgwjob 3 66 60 19 5 78
ewngwy 1 3 40 5
zddgrwmpfa 11 40 86 99
zrndpdm 2 88 56 89 90 12 80 83 1
ytqki 52 70 44
uratjqz 99 14 53 1
fhadys 24 6 78 72 96 84
qkkled 50 2 90 37 36 3 22
xskesncn 94 74 71 98 10
wanilt 6 19 43 61 50 30 63 24
bvefquk 16 30 82 52 57 43 57 81 69 63
fro 61 39 21 89 4
hdqeh 22 15 8 82 3 68 63 54
fkixki 68 2 80 41 85
uvndyfjifg 70 23 73 42
bzzlhyvrd 18 15 58
p 38 39 81 97
zirhuipyr 56 16 61 8 36 95 23 92 97
ni 1 8 90 46 26 70 95
hgjocr 68 39 23 7 18 35 14 5 30
dftqnxmn 22 10 43 4 75 82 43 36 43
ovxao 40 72 53 77 100 40 24 29 71
aaypnhkjr 9 52 96 94 42 96 55 75 50 39
pfdfml 25 90 53 24 38 45 19 65 95 53
lyxut 31 40 85 67 5 76 32 78 37
ki 15 3 98 56
rjd 100 46 86 97 1 71
xeiaf 1 71 84
qkbyalig 35 55 87 38 87 32
awjgkg 48 61 37 13 73 1 49 72 53
qeteobo 2 27 91
onumw 84 39 31 52 36 67 64 9
xzgqsmlwb 79 67 5 16 69 69 48 89 58
gixlaqbkgl 11 80 85
egichurvis 87 26 27 35
iel 77 1 30 93 39
epw 39 50 1 20 36 89 21 83 6 77
ztddrpo 14 4 66 26 90 58 64
vgtt 82 77 54 65 43 26 47 100 54
zjgc 95 35 9 38 9 74 63
txiodckzak 49 95 26 94 40 79 37
fyziw 52 41 13 66 26 62
estiufjwp 60 26 85 19
ekjkk 67 81 18 73 37 82 38 15
osxjct 77 44 70 55 49 3 39 19 79 54
tpjdj 49 78 37 59
ohkhetl 40 94 12 63 6 60
