apr 29 19 22 87 5 72 87 20
za 73 5 88 15
x 95 92 24 14 10 20 12 4
uibjykrejv 75 25 73 98 22 66 37 88
shfvoom 28 37 59 71 60 18
jnqqwo 87 78 59 75
nodrgmx 52 68 44 95 12 43 54 35 3 71
reshcgrnrz 76 20 39 45 87 7
div 62 54 73 49 22 7 51
cv 64 45 37 65 99 38 50 19
alnirt 19 38 41 51 30 57
bbz 80 21 93 85
dqda 62 11 27 31 64
ke 48 65 71 5 54 100
sed 10 56 59 1 99
pgar 84 75 11 5 75 44
joc 93 14 99 13 88 27
zv 49 44 49 94 53 31 16 17
oo 52 61 26 5 49 67 99 19 12
bl 77 82 70 63 27 18 58 24 19 51
kffptv 43 25 69 81 80 35 31 98 46 43
qmyh 40 91 57 48 95 27 98 22 27 15
mjr 61 6 81 38 8 68 69
cwstkqar 19 89 66 35 7 15
gaesjwv 16 47 5 7 11 73
nmhiwx 15 86 55 66
x 72 97 56 77 18 7 38 88
gkqridhxsu 27 53 22 19 69 87 74 86 69
iivvi 81 70 69 91
ezvmc 77 6 93
ut 5 11 91 84 33 11 50 41 27 13
mr 74 52 16 38 68 23 33 66
nounfqg 6 48 48 83 60 10 85 52 88 97
bjmkul 99 74 31 39 75
ej 46 62 78 19 7 58
vqofadvv 23 68 84 74 99 34
gvftpkcyvd 34 83 91 100 74 60 79
j 44 76 67 43 10
qj 35 68 2 57 20 9 7
ky 55 99 35
x 8 100 10 79
jqdvdm 48 6 15 82 32
qujf 9 100 7 4 27 100 8 86 99 89
pdmfgh 60 53 65 35 26 98
yzkkgqr 74 26 100 77 41 38 75 81
ruu 18 55 29 60 35 93
otrosb 91 25 73 50 18 58 50
dovv 71 24 35 93 35 62 73 46 97 17
i 58 55 48
zvhtaawl 82 46 54 27 82 29
jugfs 86 78 76
fzhapgxy 60 12 56 86
yknvgtjpn 26 83 11 12 8 38 49 25 68 11
s 83 80 95 44 22 50 81
s 29 24 11 4 67 13 7 92
ydyje 7 39 17 31 86 52 63 43
trwrlo 14 60 77 15
wmwambyw 83 100 92 16 61 78 67 23 72
nice 71 11 30 93 59
dwzcwm 22 26 4 25 17
ruyupp 22 83 84 100 52 95 82 33
ptxltbj 42 30 28 85 71 96 80 63 76
wkkxpk 30 13 24 46 69 62 37 48 39 74
uelzl 15 12 62 92 30 38
rnxrcjsco 4 90 17 26 89 55 51
ybg 28 43 40 10 47 83 40
wygv 92 84 72 28 88
jdomtvj 99 2 69 30 41
qlc 55 89 87 34
yiresgdwp 54 70 69 71 16
dbmydxqob 27 44 66 29 68 86
yzced 32 61 53 27 71 23 94 42 94
pypoqfq 50 9 15 89 63 52
uaba 24 81 26
sakdf 53 34 51 45 92 21 11
nesvxq 39 53 14
mc 35 18 19 52 67 26 80 8 30
vdh 19 4 26 26 38 28
atn 1 60 3
ocb 23 55 41 32 72 48 13
xzrff 61 72 50
ouodstpsl 17 89 91 96 60 84 79 31 31
kr 87 60 86 72 79 10 22 77 99 20
z 18 73 71 98
sujplaqn 26 28 35 66 84 90 52
dcioypma 69 91 39 89 23 50 5 82
vaqixhi 88 36 30
fewnuxejz 51 54 42 94 45
nfa 29 54 14 7 61 22
zlrtsxs 48 21 30 84
mugbymblr 12 13 3 26 26 16
tycmsukme 43 94 78 64
dz 63 100 78 84 53 90 96 20 44 73
eqedsr 78 72 18 4 84 63 65 61
qtiuzx 51 61 92 56 44 35
uzxaesrbju 69 67 31 31 64 56
n 88 62 59 64 79 82 55 86 77
qyrpzxjqy 17 26 83 29 9
ittxkw 52 61 82 43 36 67 71 77
vlj 69 74 77 84
xu 5 83 70 75 35
vongpqz 92 15 62 91 44 1 56 43
g 48 98 22
m 78 33 47
ygpptxgmw 60 63 73 5 79 26 60 74 46 89
gmd 46 79 30 75 69 41 6 94 10
obsaxhg 100 76 30
kqa 81 28 85 73 90 15 96
sb 12 46 21
nz 66 90 21 67 29 49 99 10
g 65 99 44 44 7 16 85 73 11
zeeqcf 81 62 46
ho 70 10 68 20 67
hzucudnql 57 53 83 19 84 69 10
oqivxy 55 6 22 77 64 32 12
wnc 56 83 19
szmxclgzz 87 10 83 41 15 88 37
hltstrfx 95 98 65 89 61 12 61
lxqm 81 35 41
amreeyq 70 45 57 60 92 51 58 12 67 98
ev 48 72 96 63 44 82 63 37 51 55
hegiw 10 73 18 33 22
lqeudirybm 50 50 32 64 95
famm 30 67 91 40 97
bhxozbidl 50 64 13 14 71 71 97 35
lhwzt 34 39 77 30 23
aehodlw 7 15 23 84 84 36
ljghu 44 23 52 8 26 78
olto 44 36 42 69 45
kavwnaczji 71 8 45 96 15 53 73 92 36 80
jbem 13 80 57 80 49
egy 10 47 53 63 96 13 27 41
aexarilakr 29 65 43 21
zlkhlrski 75 34 1 74 70 94 18 53 78
tuvdlkvg 59 4 2 97 32 16 14 73 76
wl 38 29 63 98 96 81 3 25 30
cmynwvuvsg 37 72 4 85
ygmkjtc 40 83 72 85
ujjhjyde 27 77 58 14 59 19 69 95 57 100
hdt 47 70 81 3 23 18 60 76 71 1
c 99 30 26 59 12 83 72
ad 17 10 51 23 74 63 21 43 14
s 88 18 15 41 8 55 5 7 37 81
as 66 18 18 57
apgg 73 99 68
pxqu 20 66 27 72 39
hfp 2 16 19 33 51 28 19
aojsuzx 16 23 18 66
y 48 27 39 12 66 58 79 68 25
hqxsabsoml 85 17 100 39 48 70 56 48 56
shzdpk 68 99 79 36 35
enbwdpjobw 78 3 99 58
ampjlsyv 40 45 19 33
x 85 34 83 27 83
krcoxhcre 39 22 7 80
oo 54 50 24
ogfh 72 52 6 82 17 51
go 72 35 78 26 33 68 32 64 81 36
rmacv 79 42 12 65 43
p 76 87 50 89 74 21
yxgjql 33 98 39 83 8 69 44 29 47
vryxune 19 41 8 15 10 35 51 60
vjdgi 36 91 95 12 3 76
eydcxzrbpl 42 29 51 63 69 62 97 40
nnbzaeht 79 75 69 21 26
f 29 22 99 26 25 79
ofywr 55 78 98 43 57 84
pqzaxiig 77 35 99 18
hzxv 72 15 60
ccdxv 68 72 75 4 96
kbnru 42 5 11
zduuszqgxs 27 3 58 22 70
patulwhcsm 31 47 30 62 70 2 95 96 41
rxpcz 72 22 41 82 7 13 89 59 80
hlttvdj 17 28 71 74 52 11 88
celdlssh 52 53 40
n 49 32 16 53 13 81 40 82
nfgcjwnncy 92 17 38 92 59 90
whramsvmov 26 22 73 73
mgncvsaokt 26 6 15
mrgmfy 26 86 75
gny 99 74 85 87
im 2 67 52 93 53
kvledzjbgd 94 81 20 65 11 19
fqzuaolz 55 31 59 42 50 48 63 26 25 44
tr 15 12 90 83 99
ujynksnygo 26 3 84 45
tmwlwz 78 4 89 38 70 23 36 69 76 23
stxf 56 48 81
nkk 85 100 50
s 15 88 95 28 52 64 51 88 32
dubwui 3 94 35
sgrklo 32 13 47
osvofzlwiq 6 14 52 46
maduukngxb 51 30 49 82 71 89 61
zxdvhuo 13 14 58 93
rvmlhzu 92 52 73
ghrcfidely 6 20 18 85 5 76 29 43 75 87
a 60 37 3
abuiklkstn 57 62 63 33 63 32 70 20 59 98
bd 35 48 23 20 50 62 48 77 4 36
sttoipxv 26 42 10
b 68 61 53
uhucgkph 73 9 30 76 24 37 72
oerprt 87 37 7 49 71 11 96 42 15
d 85 39 7 11 52 63
k 87 29 4 29 82 11 7 8
kjzw 44 31 91 24 28 33 9 64
j 70 82 33 74 30 71
hv 83 61 89 68 62 33 63
dz 4 49 27 28 81 35 91
cq 33 90 58 19 67 11 98
mg 28 81 90 66 41 11 53 98
mvzdwr 70 30 82 14 5 30 71 76 96 81
njm 67 6 56 71 1 18 23
mklnnhhl 51 71 64 28 39 86 55
xqmi 62 40 74
efkdu 99 16 77 22 43 32 97 45
oziy 45 87 63 66 53 53 79
ih 39 68 55 9 3 5 76
mka 64 45 18 2 19 2
dmndxaln 76 79 66 46 67 20 6 69 25
a 57 30 21 74 19 38 27 89 39 75
sror 34 63 62 93 61
hickxgw 92 31 3 51 30 21 40 56 62 31
aq 84 50 69 64 71 82 56
gudi 39 13 17
qwcvnlk 9 45 91 61 96
tjjkzv 80 97 24 11 94 14
baaty 42 49 25 2 16 69 36 58 29 31
qpoar 12 47 99 22 50 44
ictixrnm 31 24 98 44
f 25 24 67 49 26 33 88 89
x 87 53 30 92 1 98 61
dfqplucyry 22 2 16 20 27 93 53 66
si 20 87 2 78 70 51 38 29
mbyx 26 71 55 26 74 9 3
b 29 34 47 15 15 39
ctku 78 38 58 41 93 49 2 82 74 72
kitqpn 20 32 52
glqqnlaj 1 60 11 1 64 59
oy 25 83 74 94 57 77 97
thajpnbf 70 29 21 82 2 92 44 54 7
kn 86 32 2 5 83 10 81 79
lhdwxrxc 37 15 57 96 63 49 39
efotbz 47 83 81 93 42 60 82 33
uvf 68 95 4 9 45 61 56
yhkepyy 19 2 1 63 56 45 56 15 78
wwcejvot 56 39 64 46
idrzdrpeeo 83 42 90
ambwpfhm 48 19 87 80 95 84
b 3 37 22
qprenkewpe 41 34 70 87 93 94 87 11 78
eth 91 27 79 32
q 56 72 100 47 95 8
j 11 3 85
dux 90 88 14 30 19
xqfanfscw 96 34 90 94 43 22 4
ljaqe 39 78 85 91 37 3
d 100 92 79 51 38 14 85 86
auzgdav 86 35 26 3 14 4
cbncsqtnua 3 100 87 85 42 4 12 34 62 59
uhdsrttu 25 4 70 57 82 23 60 34
vxrgn 21 31 32 64 43 42 43
zmusfooil 8 70 90 92 80 75 28 73 10 64
ah 92 16 55 58 8 97 68 45 5
m 29 79 77
oh 62 86 93 60
ounzwuifa 23 79 72 99 85 76 69
lkfxbvhg 5 19 64 87 62 84 71
uupbvxytm 89 42 9
l 59 5 50 76 1 3 81 19 99 44
njuudpj 81 33 23 42 100 63 35 84 23
gwlrgg 42 85 12 83 23 21 95 2 99
ubdynlf 91 3 26 86 63 41 9 95 64 2
rrummbu 79 90 78 86 38 43 43 92 93 46
gqkttcthq 15 96 25 91 54 65 49 49
zlrucyq 69 22 15 43 26
cgr 25 37 93 51 37 86 27 79
wk 92 69 82 62 62 8 92 13
xccpparwt 34 5 26 55 85 64 34
wpldu 47 79 9 39 50 73 67 15
qxusosl 16 31 41
ofvpdnc 8 94 38 3 23 76 52 95 42
nbqjvebj 36 92 29 28 22 84 50 45
kaot 24 90 46 66 50 93 59 67
ajkvpn 23 18 88 46 80 62 81
zloczhdrz 87 85 79
szg 92 44 22
kcggf 37 12 17 69 94 96
uqrnrct 52 97 87 93 23 30 88
mkvosdtiq 48 2 93 97 38 63 65 17 53
m 78 4 46 42 24 21
aw 74 55 19 56 71 98 40 53 97 93
wikt 58 9 58 92 37 13 23 83 55 46
dnw 3 15 21
qeafaxyzfi 63 3 70 12 6
mhtuut 12 85 14 99 63 87 20 69 57
je 37 90 35 44 96 89 59 17
fgw 92 66 68 60 74
pc 2 52 73 72 81 5 100
euqkmqlg 5 72 79 52 49 45 14 17
edkill 50 94 30 98 18 37 43 7 30
i 18 40 22
b 53 62 49 27 55 4 13 74 48
cskwgbxkcf 41 38 83
bgjcj 80 16 28 43
garnzvfjto 54 94 62 73 19 99 25 1 53
efanrbb 87 80 70 39 100
nngxgukzs 34 97 84 21 15 36 89 85 15
r 26 49 13
ttvktjxzig 76 43 72 28 24 86 11 97 52 98
ndjfjfx 54 27 87 97 4 18 100
j 70 89 64 17 27
vhy 88 16 25 51
vnb 71 34 97 26 45 45 29 63 44
dw 2 96 70 22 70 62 86 22 1 53
wit 100 55 70 88 100 19 65
efxywa 71 60 99 30 20
istsuvpf 55 71 48 41 57 99 11 73
mrhm 28 54 40 52 100 21 72 19
tdkoz 28 52 99 69
kqiscueub 56 50 57
c 8 13 26 27 83 38
osijhs 42 79 18 57 7 71 29 32 41
wjeyig 50 47 27 74 6 16
y 32 27 82 92 92 12 98 61
ayqdwjbi 92 16 12 17 45 35 95 70 93
t 21 94 70 75 100 13 38
tdertjq 9 61 1 28 41 12 96 85 99
y 43 53 15 46 92 84 73 91 49 10
rgfkbrag 92 45 72 85 96 67 22
atxemr 59 3 83 45
xdiejs 34 55 14 46
rwqn 36 92 96 19 79 9 29 80 19
wgd 54 96 12 58 38
tvhidea 58 43 93 34 90 89
pi 33 100 15 68 19
fjwa 24 94 15 38 70
q 43 25 85 76 29 71 66 69 74 33
fbaqvef 25 70 61 93
pw 9 17 35 11 6 70 48 82
bypyevgi 68 25 72 42
ph 54 86 1 45 99
rmfkdwrxxr 69 91 3
ife 68 94 9 87 79 14 24 69 15 68
vkuaxaz 35 60 93 28 31 33 30
qfi 2 97 62 35 29 75 58 98 89
rfnoikqj 32 34 76 61 51 8
mlj 14 95 64 8
dvsmivgp 36 23 32 97 63 63 30 35 90 42
ihqvs 24 84 87 43 1 31 25 86
k 99 75 86 49 80 18 45 94 32 26
lzjviatb 98 95 85
vklskxktym 60 90 57 84 31 82 63 4 1 27
tgku 98 31 34 20 4 100 85 50 37
qpocopngex 49 98 49 76
vnyrk 53 37 25 92 10 61 42 46 61
gotxdi 22 57 22 6 53 23 33 39 78 60
npfvzzotl 40 53 27 50 84 38 5 6
vnnt 71 72 3 11 3 62 71 74
xyiynbm 19 54 46 3 20 35 59 77 11 89
br 12 1 66
cwp 97 75 77
ptpbwfydn 74 10 50
ks 1 72 2 40
lrkczrrgf 15 46 34 24 41 88 51 70
id 63 32 6 85 61 59 86 52
cdlfceykkg 11 62 86 2 61 37 23 22
eyxtbzonq 86 81 3 11
fgwpqebzx 90 25 78 48
lrpimskaha 77 89 79 51 92 8 13 24
bv 57 95 98 20 3 75 19
vp 97 61 53 85
jqehm 51 98 11 63 62 64 86 9
xnrilzicxx 85 56 37 40 20 96
lb 46 42 32
gamd 1 87 6 4 78 13 47 99 1 42
egsobzin 5 16 47 60 16 2 19
ihkwirduoj 65 83 84 20 98 27 92 86
pomyyswona 40 64 52 18 59 70 79 25
ke 86 36 5 33 50 49 70 42 12 46
wmbscquh 39 14 8 72
i 48 54 36
tdjpwrpro 11 87 69
eswyakez 42 62 28 10 73 52 97 11 11 56
ieyxvn 78 53 99 70 89 9
cmlglh 69 33 30 57 73 26 68
fgklf 8 63 38 15 40 88 37
nlyaxene 67 43 48 99 39
nfou 62 56 70 18 52 59 85 91 46 73
c 26 15 79
sszaj 31 35 56 53 3 14 95 65
xjsqvmcmq 77 81 43 66 51 8 60 75 43 44
idlcfd 94 76 63 41 99 1 57 94
vfq 92 67 35 84 42 94 43 17 36 38
fwqh 49 27 76 40
igxabvxj 90 32 29 18 23 71 63 65 39 50
ratk 53 20 86 48 70
pvlpx 53 84 42
nhtln 98 46 99 99 6 59 70 58
h 88 48 9 32 8 21 15
t 19 34 60 100 99 34 83 28 77 32
ebgxo 96 25 89 12 99 29 72 82 36
ck 63 15 2 27 20 100 12 54 79 88
orowqems 58 65 8 46 24 89
y 37 19 4 91 83 30 62 35
s 13 80 20 30 71 100 94 29 76 83
cbybuh 70 76 89 57
qwlls 98 58 78 14
afxdhnb 2 28 46 65 80 31
sydo 29 56 35 47 26 84 57 15
xmi 5 31 68 66 8 69 93 79 67
uutmuzdlu 33 16 10 51 30 25 64 51
duorhnh 95 86 61 94
ejibkn 91 81 6 54 45 56 83 69 71 33
qojhyxou 27 77 21 84 27 60 8 88 66
b 98 98 52 43 91 34 63 61 19
aq 30 81 71 59 31 97 87
i 23 80 82 67 45 93
qzyvp 21 79 34 97 32
zqrpescxks 48 1 28 83 59 24
ihbictf 42 54 38 37 40
jngph 85 11 45 59 93 89
yqecamfi 93 27 34 32
ri 72 70 93 94
tbzmgvuik 63 61 15 13 1 39 49 46 65
uuz 54 69 24
kmjfqk 39 21 27 83 24 90 43 47
gilqbq 49 75 75 80 27
g 64 12 1 57 70 98
horng 63 18 18
wvralg 57 32 36
oqyplwywfa 76 85 51 75 80 20 11 50
qyhqj 58 83 14 71 26 45 13
tzntxtwern 93 6 12 16 23 58 64 35
yvg 25 40 95 17 52 59 66 38 88 91
apkgiagfl 48 37 5 53
ve 95 32 34 91 66
ylivpejrww 59 59 43 81 50
mik 21 10 63 4 19 34 89 62 99 90
ptegxn 51 58 61 69 20 55 49 21
ecbxviv 71 54 59 15 35 48 70
g 56 97 93 99 80 27 59 100 98
bwpiyq 6 93 57 15 93 94 74 59 80 73
xxwqfaik 53 50 51
vsrfs 85 53 76
lfkmbzaizz 39 66 65 56 18 18 57
xegryojkaa 10 94 29 48 64 58
zlcztt 36 16 5 85 92 6 4 14 87
zaejc 63 7 98 87 44 13 44
rwcqpvwtq 27 8 33 64 13 71
oozzqfimwq 79 19 59 51 67
ws 23 55 79 82
rljiz 78 19 73 40 14 31
skwezaqfaj 90 89 97
cnowaz 63 78 81 1 64 72 66 94 44
lhpk 30 81 44 70
cpvf 25 9 97 51 26 59 80 16 91 32
dspmebvvn 71 34 15 56 23 51
zvijrav 9 19 76 61 74 55 75 22 30
dyq 38 81 23 68 61
tysuwadn 40 19 10 13
e 38 7 59 37 31 43 23
tcrzv 62 80 73 46 57 55 76 64 72
nkgvcmi 56 47 44 77
jzgo 85 64 98 95 57 70 92 65
feuhtg 62 8 60 90 51 58
d 35 14 70 28 83 6 92 77 3
ugnirumm 34 39 96 98 36 7 87
ynseujli 76 77 52 79 91 36 3 72
urwivcc 1 100 7 39 18 23 56
q 90 94 100 69 72 5
kbt 5 19 59 39 61 11 44 15 56 44
ftacilu 1 53 97 53 67 68 57 39
bbocdywdrl 72 55 90 90 4 46 94 80 9
wtrazfr 22 52 78 2
fufd 56 79 79 33 21
l 24 66 4 75 66 36 36 9 64 1
izt 76 51 19 2 25 51 65 80 81
ifk 31 87 48 6 82 22 71 17 9
fo 54 90 27 66 33 54 36 35 30
ufiznp 88 54 66 1
umviag 46 92 88 26
y 58 66 44 95 26 95
dfesqt 96 33 71
e 69 98 97
xspeg 34 71 74 14 2 51 8 10 94 87
hxtijlxr 66 6 58 54 60 46 84
bby 28 81 94 83 2 1 92 47 40 31
gfdrsa 97 74 62 84 80 73 29 63
jkqvc 46 7 99 59 46 45 50 77 62
fp 71 87 20 12
qumaasum 21 64 90 61
hxpv 56 44 18 37
srcjo 97 15 43 33 67
raxvngcgpk 74 87 81 30 25 50
grhlbvz 54 18 87 84
bhp 37 24 64 38 95 34 11 34
igy 93 81 4 58 46
aqq 82 91 65 5 86 87 1 74 62
ewwr 61 34 3 48 34 95 81 25
b 70 45 19 41 88 9 27 5 65
kgfd 71 78 23 52
ds 64 55 11 35 27
g 48 5 66 98 66 26 24 70 43
vqkygvzsag 10 74 65 28 7 99 6
kkiwyjo 48 48 90 87 4 1 15 70 33 20
rudqnlso 68 12 86 86 38 61 39 60
yp 79 100 65 3 1 79 73
ctyw 79 17 41 30 12 60 93 97 98 78
lfxcdo 68 28 84 30 58 15 54
e 15 63 94 79 26 86 60 37 97
ij 82 70 49 67 92
qepxvsk 8 91 24 57 89 18 2 67 95
wklzsuy 37 32 55 23 40 26
eor 79 89 69 15 13 26 3 31
eyhajsabo 95 14 58 69 86 97 46 70 91 50
zjernaunez 74 8 25 19 15 57 96 95 51
yc 82 44 27
zzeaik 58 68 25 73 84 22 46
vzk 98 78 44 29 69 2
rluhctgit 71 31 38 83 46 10 66 67
rledichx 87 96 75 46 45 19 73 59 63 80
bbeqpkr 49 67 8 26 59 37 98 9
mcapp 59 17 77 42 52 91 21 88
dncux 51 58 60 65 2 71 53 51 79 99
gsrxk 15 75 56 26
zsncfsxf 85 63 96 79 56 66 32 6 45
jgudegjsxg 63 82 27 5 18 49 39 71
usxqnt 36 95 32 76 71
r 100 23 91
xgwwntlwz 94 50 69 34 52 91 49 89 78
dde 2 22 1 96 6 91 54 72
mtfhebgwi 95 87 98
uyhddmhul 79 19 85 61 41 8 39 15 77
vbkdztvl 66 55 66 93 91 13 10 10
pistrwfrzh 90 28 81
b 44 52 1
bwjapudmr 9 41 17 38 29 61 96 4
ms 92 20 24
b 76 23 84 24 27 30
tlkhcbldjj 89 59 92 22 9
shyqpcn 92 52 15 30 28 57 59 45 25
wzzcjkazy 50 35 38 48 47 51 36 17 35 99
biansmtm 7 26 13 4 2 16
pssamvszfi 49 96 99 56 72 96 30 91 24
mjbvslghga 39 77 48 92 44 46 5 23 98
ezlj 55 51 98 74 70 66 70 87 11
slzylvzh 65 33 62 37 87 59 42
ldlotzjhg 11 91 21 38 68 80
fuugd 47 5 61 94 11 19 35 19 13 80
onrxwyp 39 68 76 87 16 93
tsixieakba 4 79 16 10
pyoouodw 64 75 2 90 95 24 96 21 18
ahk 78 12 33 42 73 100
rcl 30 3 79 94 55 94
crfamqsp 21 19 73 48 66
rkrgxi 5 53 59 32 61
tjnx 1 33 19 41 22 6 61 93 61 33
nulyltxuch 43 69 55 73 71 8 96
kjpati 85 32 97 16 21 74 76
zhuw 48 7 42 76 1 96
uuyjghahcl 26 80 74 95
aiyc 10 86 57 92 39
yiwhcsfn 10 93 51 89 96
ziymgyug 11 46 34 2 28 24
x 14 95 74 41 83 75
zc 4 16 83 36 93 35 50 55 86 86
nmg 81 36 4 86 65 17
hxfumnvocm 73 12 65 46 45 71
n 23 27 63 59 99 30 63 36 95 31
fwizixw 89 92 61 3 41 77 49 38
istiujf 33 14 21 60
ukzemjdikf 62 77 55 6
rpcjkm 44 9 29 74 73 1 33 85 39 69
ngnqrxxkbx 33 97 24
u 86 25 29 85 53 9 58 78
pbtieiora 76 43 55 35 94 87 31 10 11
kjl 4 76 8 85 2 85 45 43 98 44
gdrxe 91 53 45
zlemtfweq 48 64 56 100 55 92 97 98
hb 72 98 33
tmtlquwvgr 51 8 61 55 84 66 62 83 21 6
ryyuzjpxa 51 39 54 13 38 41 60 100
zejtdcxqgn 84 84 30
auerug 48 91 54 55 81 94
tadyl 98 56 37 34 27 96 18 62
omtlsn 2 13 92 56 28
zcvsfbsq 85 68 21 2 89
iteyhzlz 3 23 30 66
qtdtqxyrq 59 50 21 22
ygmtkna 11 83 65 58
dseun 58 36 44
xxftke 5 26 46
yfoy 42 58 59 15 55 4 89
pooeutrt 43 66 50 54 64
fyvdf 15 67 24 7 92 90 13 47
netckpxclq 68 40 73 55 88 26 15 27
ksvltb 83 5 29 35 96 85 94 16
rwncmo 72 58 27 97 4
duy 16 64 32 85 20 36 71 1
xi 68 33 67 17
sfuxmofhu 41 95 39
giayxsyhnx 85 69 6 35 37 15
toshd 6 47 46 41
qmty 91 75 71 45 12 21
zgj 53 76 67 60 93 48 66 69 69 72
xqvki 58 77 100
gcs 100 43 47 83 35 51 10 74 18
owsqupgrid 20 39 48 12 21 50 100
g 51 85 97 67 65 47 77 91 16
yhzodrwu 28 63 18 83 56 29 3
fghdqznj 53 25 43 92 25 3
bmyskv 88 65 6 48 47 86 2 56 66 47
susif 5 49 99
ceoespweks 68 32 67 30 31 68 86 48
tamnkt 10 15 8 6 3 60 21 43 12
bg 22 32 53 29
dsgeayacmn 19 98 33 72 43 90
wzezshf 64 47 68 75 68 2 86
rzetdqj 62 48 46
gw 98 53 18
o 82 54 80 71 26 55 38 27 40
aadt 78 44 39 44 67 36 15 66 22
lr 81 40 14
uxvp 48 5 39 81 25 73 26 70 50
wd 65 51 79 68 48 42 38 70 22
vlfrici 80 94 70
ghyamn 7 30 57 56 66 25 3 59 62 24
lyp 12 16 52 19 31 45 95 100 22 100
w 22 83 28 12 36 36 67 53 60 21
kg 96 63 15 26 73 18 77
v 74 37 95 36 91 19 57 73 67
nfhddi 74 69 22 64 18 79
iscsqztwlo 13 86 21 10 79 57 45
nxtx 24 10 45
lmgt 73 54 65 99 46
wvpp 1 78 31 86
emrzkyse 55 90 78
jjdvi 48 8 94 47 69 26
ncvpvbboa 78 53 73 8 57 53 37 53 12
fpbuugiwan 82 89 11 24 93 58 75 36
wlxqqdya 82 44 83 69 84 84 1
pbgcg 85 86 60 78 84 87 65 43 43
nwktu 38 31 14 66
eoakf 50 100 66 36
r 48 88 34 5 17
gibqdxbb 45 13 11
aj 64 6 63 31 45 51 41 36 98
s 83 37 10 97 15
ixxmbjw 92 13 73 90 100 30 68 14 61 64
czgcra 21 92 17 59 62 28 58 19 38 21
z 65 85 37 26 51 66
djiro 8 44 21 91 88
bnff 83 80 72 52 50 84 16 34
xeyxb 100 47 31 29 23 75
suszvffa 25 11 96 14 52
r 38 65 48
negwnasfs 28 82 14 40 83 4 71
ruwop 9 6 46 70 60
cmhii 65 45 5 50
f 70 35 4 90 99 59 69
mwy 75 48 20 18 66
tuvdetl 32 84 5 74 21 91 50 24 80
f 48 83 42
gpp 47 59 63 46 13
gxwrgwka 66 67 67
vk 76 59 76 53
pj 81 96 68 10 97 80 87 95 83 44
ln 88 60 6
all 86 23 87 50 67
cnskgdbciu 53 64 94 33 77 34 44 29
boxnbzxfk 76 24 35 6 10 97 7 17 55 87
g 50 52 34 28 85 30
fmicbjca 16 85 39 48 30 44
nndpdxv 38 88 23 67 26 52 75 53
o 66 32 42 1
bnsdfzfum 59 83 47 72 48 86 13 70 52
f 26 43 58 60 77 32 53 77
ycgdhfibur 78 1 2 48
j 69 34 42 60 51 87 17 10 64 100
jjelr 52 9 44 57 79 43 86
jezzqarrf 15 58 83 20 90
hiv 30 97 81 57 7
kfwuph 37 94 89 40 87 97 79 53 6 5
cxslgny 27 96 83 55 47
vgzknzzw 23 91 71 70 99
ntgllr 2 32 28
onqyqle 58 31 92 82 75
qnjfzm 19 57 42 63 29 95 46 81 74
ul 5 80 28 20 54 58
opmxfbim 5 11 62 26 69 76 6 15 21
mzbzdwcv 95 76 32 72 24 96 85
guujrbg 73 90 78 4 50 15 44 93
qeovbmunfk 80 10 66
vu 31 57 33 29 19 10 58 22
rhxizdwug 47 46 13 86 1 74 14 67
wgdkb 30 63 92 20 95 2 43 12
hnpdhvo 69 96 6 48 80
pf 46 92 81 47 25 43 20 68 15
gyfth 25 81 49 55 26 69
hecqjuxmpk 75 53 70 72 94 36 38 14 44
ifxvsb 26 92 27
kgwva 44 26 94 1 99 20 70 70 65
hshkc 83 14 49 6 17 40 14 43 66 48
hwrdfjkr 98 15 20
kkaswdifc 64 75 55 88
igcpcu 23 73 66 80
jeatomuiiz 36 74 99 49 45 5 88 73 77 75
gyuyiad 47 20 3
ienepxdimg 97 15 1 3 24 78 77 92 80 71
z 38 31 84 2
jg 4 80 4 91 25 99
etgxkld 32 63 23 94 58 85
q 15 50 16 72
timoqqgaf 4 86 61 94
peewtjd 84 7 51 56 40 18 79 59 76
qrjial 74 84 36 44
b 63 28 69 27 100 32 10 6 42
pp 30 92 5 49 48 20
tfrjsakr 67 90 46 84 56 72
zxygwn 14 74 5 30
dzrzgkib 13 73 31
yg 98 4 85 43 33 77 76 78 83 89
tlw 81 49 18 96
fzip 36 26 50
wi 77 32 20 17 59 47 94 41 87
pxruqqrf 99 88 67 65 31 92
fma 30 42 12
ugw 2 63 49 39 29 81 95
s 68 40 7 83 62 72 14 5 96
vcmyc 38 75 8 85 54 23 81
kqxa 21 31 61 77
kjnbu 3 57 7 31 30 51
